=== Simulation Summary ===

Date: 2025-04-21:15-51-19
Random Seed: 1
n_iter: 350
n_batch: 55

== Neuron Counts ==
n_in (input neurons): 30
n_ad (adaptive neurons): 30
n_reg (regular neurons): 30
n_rec (recurrent neurons): 60
n_out (output neurons): 2

== Simulation Parameters ==
add_noise: True
Number of samples used for training: 5
Samples used: dict_keys([0, 1])Number of cues: 3
== Final Metrics ==
Final Training Loss: 0.6785
Final Accuracy: 0.5818

Mean recall error: 0.4958
Standard Devation recall error: 0.0775
Recall Error Per Iteration:
0.4182, 0.5818, 0.5636, 0.5455, 0.4364, 0.4182, 0.4909, 0.4727, 0.4000, 0.4545, 0.5636, 0.5091, 0.3455, 0.4182, 0.3273, 0.5091, 0.5091, 0.4727, 0.5818, 0.5636, 0.5818, 0.5636, 0.3455, 0.5636, 0.6000, 0.5818, 0.4727, 0.6364, 0.3455, 0.6545, 0.5455, 0.4182, 0.4545, 0.5273, 0.5091, 0.3818, 0.5273, 0.5636, 0.4909, 0.5455, 0.5091, 0.5455, 0.4545, 0.4909, 0.4545, 0.4364, 0.5818, 0.6000, 0.5091, 0.4000, 0.4909, 0.6182, 0.3636, 0.4364, 0.5455, 0.5091, 0.6545, 0.5273, 0.5091, 0.4000, 0.4000, 0.4545, 0.4727, 0.5636, 0.5273, 0.4000, 0.5273, 0.4364, 0.4727, 0.4545, 0.5636, 0.4909, 0.5455, 0.4545, 0.4909, 0.4909, 0.4545, 0.4727, 0.4909, 0.5455, 0.5091, 0.4545, 0.4909, 0.4909, 0.5273, 0.4909, 0.4000, 0.4364, 0.4727, 0.5091, 0.4727, 0.5273, 0.5091, 0.5091, 0.5273, 0.5636, 0.5273, 0.4727, 0.4727, 0.5455, 0.4727, 0.5273, 0.3818, 0.4364, 0.5455, 0.5455, 0.6182, 0.3636, 0.5636, 0.4182, 0.4545, 0.5455, 0.5273, 0.6000, 0.5455, 0.5091, 0.5091, 0.5091, 0.3818, 0.4545, 0.4182, 0.4727, 0.4727, 0.6364, 0.5818, 0.6000, 0.5273, 0.5818, 0.4727, 0.4182, 0.5636, 0.5091, 0.4909, 0.4545, 0.6364, 0.4727, 0.4727, 0.5455, 0.5273, 0.6182, 0.4364, 0.4727, 0.5455, 0.5636, 0.4000, 0.6182, 0.5273, 0.6727, 0.5455, 0.4727, 0.5091, 0.4545, 0.5636, 0.6909, 0.4909, 0.5455, 0.5636, 0.6000, 0.6000, 0.4727, 0.5091, 0.4000, 0.5273, 0.5273, 0.5455, 0.5091, 0.3091, 0.5273, 0.4909, 0.5273, 0.5273, 0.4727, 0.5273, 0.5455, 0.4000, 0.4727, 0.5636, 0.4545, 0.4545, 0.5273, 0.5273, 0.4909, 0.5273, 0.5273, 0.3636, 0.5636, 0.6364, 0.3818, 0.5091, 0.4545, 0.5273, 0.5636, 0.5818, 0.6182, 0.6182, 0.5455, 0.4000, 0.4364, 0.5091, 0.6182, 0.4727, 0.3636, 0.4364, 0.4545, 0.4727, 0.3818, 0.5273, 0.5091, 0.5455, 0.5273, 0.4000, 0.6727, 0.5455, 0.5636, 0.4364, 0.4545, 0.4727, 0.4364, 0.5818, 0.5818, 0.5636, 0.6545, 0.4909, 0.5636, 0.6182, 0.5273, 0.6545, 0.6182, 0.5273, 0.4727, 0.5636, 0.5091, 0.4727, 0.4545, 0.4727, 0.4182, 0.4909, 0.5636, 0.4000, 0.5091, 0.5636, 0.4727, 0.4545, 0.6364, 0.4909, 0.4727, 0.4909, 0.6909, 0.5273, 0.5091, 0.5455, 0.5455, 0.5455, 0.5455, 0.5636, 0.5455, 0.5273, 0.5091, 0.4909, 0.5091, 0.3636, 0.5091, 0.5273, 0.4545, 0.4727, 0.5636, 0.5273, 0.5455, 0.3636, 0.5818, 0.3818, 0.5091, 0.4727, 0.5091, 0.3091, 0.6000, 0.5273, 0.4909, 0.5091, 0.5273, 0.4909, 0.5455, 0.4727, 0.4909, 0.4545, 0.5273, 0.4545, 0.4545, 0.5273, 0.6545, 0.5273, 0.4909, 0.4727, 0.4909, 0.5273, 0.5273, 0.5091, 0.4182, 0.4000, 0.4909, 0.4182, 0.4545, 0.5273, 0.4364, 0.4364, 0.5636, 0.4727, 0.6545, 0.5273, 0.2909, 0.6364, 0.4909, 0.6182, 0.4909, 0.4182, 0.5273, 0.5455, 0.4909, 0.6182, 0.6364, 0.4000, 0.4909, 0.4727, 0.3818, 0.5091, 0.3818, 0.3818, 0.4000, 0.3273, 0.3455, 0.3091, 0.2909, 0.4364, 0.3636, 0.3818, 0.3818, 0.4545, 0.4000, 0.3455, 0.3455, 0.4182, 0.3636, 0.4182, 0.4182, 0.4364, 0.3455, 0.2545, 0.4364, 0.4000, 0.4182


== Runtime ==
Total runtime: 960.77 seconds (~16.01 minutes)
=== End of Summary ===
