=== Simulation Summary ===

Date: 2025-04-21:16-34-40
Random Seed: 1
n_iter: 350
n_batch: 55

== Neuron Counts ==
n_in (input neurons): 30
n_ad (adaptive neurons): 120
n_reg (regular neurons): 120
n_rec (recurrent neurons): 240
n_out (output neurons): 2

== Simulation Parameters ==
add_noise: False
Number of samples used for training: 5
Samples used: dict_keys([0, 1])Number of cues: 3
== Final Metrics ==
Final Training Loss: 0.4219
Final Accuracy: 0.8545

Mean recall error: 0.2544
Standard Devation recall error: 0.1363
Recall Error Per Iteration:
0.6182, 0.4727, 0.4182, 0.5636, 0.3455, 0.5455, 0.4909, 0.6545, 0.3818, 0.4545, 0.5273, 0.5455, 0.4545, 0.4727, 0.4545, 0.4727, 0.5818, 0.4000, 0.4909, 0.3818, 0.5273, 0.5636, 0.4727, 0.4727, 0.4727, 0.5636, 0.4364, 0.6000, 0.5273, 0.4909, 0.4000, 0.4909, 0.5091, 0.4909, 0.4364, 0.4545, 0.5091, 0.4182, 0.5455, 0.5636, 0.4364, 0.5273, 0.3818, 0.4727, 0.5091, 0.5818, 0.4545, 0.7091, 0.5818, 0.5273, 0.5273, 0.6182, 0.5818, 0.4909, 0.4545, 0.3091, 0.4364, 0.4909, 0.4909, 0.4545, 0.5091, 0.6182, 0.4000, 0.4727, 0.4545, 0.3455, 0.3091, 0.3455, 0.1455, 0.3091, 0.2545, 0.4364, 0.5091, 0.5273, 0.3091, 0.3091, 0.2909, 0.2364, 0.2545, 0.3636, 0.2182, 0.1636, 0.1455, 0.1818, 0.1455, 0.2364, 0.2000, 0.1091, 0.2545, 0.1636, 0.2182, 0.1091, 0.2909, 0.2182, 0.1636, 0.2909, 0.1273, 0.1818, 0.2000, 0.2909, 0.1455, 0.1455, 0.1636, 0.1273, 0.2727, 0.2545, 0.1636, 0.1818, 0.2000, 0.2727, 0.0909, 0.1636, 0.2000, 0.1091, 0.1091, 0.0909, 0.1818, 0.0909, 0.1818, 0.1091, 0.2364, 0.1818, 0.2182, 0.2727, 0.1455, 0.2000, 0.2364, 0.2000, 0.2545, 0.2545, 0.1818, 0.2727, 0.1455, 0.2000, 0.1818, 0.2364, 0.3273, 0.3273, 0.2909, 0.3091, 0.2545, 0.2545, 0.2545, 0.2182, 0.1818, 0.2182, 0.2182, 0.2545, 0.0909, 0.2727, 0.2909, 0.2545, 0.2364, 0.2364, 0.2909, 0.2909, 0.4364, 0.1818, 0.2545, 0.2000, 0.2364, 0.2727, 0.2727, 0.2545, 0.2545, 0.2364, 0.1455, 0.1455, 0.2909, 0.2909, 0.2182, 0.2182, 0.3273, 0.2364, 0.2000, 0.2909, 0.2727, 0.1636, 0.4182, 0.1455, 0.2545, 0.2727, 0.2364, 0.2000, 0.3091, 0.1636, 0.2182, 0.1818, 0.1636, 0.1818, 0.1636, 0.2727, 0.2182, 0.3636, 0.2364, 0.1636, 0.2182, 0.2727, 0.2727, 0.1818, 0.2545, 0.2364, 0.2182, 0.1636, 0.2909, 0.3091, 0.2727, 0.2364, 0.1818, 0.3273, 0.2000, 0.3091, 0.3091, 0.1818, 0.1455, 0.1818, 0.2182, 0.1273, 0.1455, 0.1818, 0.2364, 0.0727, 0.1818, 0.1818, 0.1636, 0.1636, 0.1636, 0.2545, 0.1455, 0.2000, 0.2000, 0.1636, 0.1091, 0.3091, 0.2545, 0.1455, 0.1818, 0.2364, 0.1636, 0.2000, 0.1636, 0.2000, 0.2545, 0.1455, 0.2000, 0.1273, 0.1818, 0.2000, 0.1818, 0.2909, 0.2182, 0.2000, 0.1273, 0.1636, 0.1273, 0.1273, 0.1636, 0.1818, 0.1636, 0.1818, 0.1818, 0.1091, 0.1455, 0.1091, 0.1636, 0.1818, 0.1273, 0.2545, 0.1818, 0.0727, 0.0909, 0.1273, 0.1818, 0.2000, 0.2727, 0.1455, 0.1455, 0.1455, 0.1636, 0.1818, 0.1818, 0.1818, 0.2182, 0.2545, 0.0727, 0.0909, 0.1636, 0.1273, 0.1636, 0.1636, 0.1091, 0.2364, 0.1091, 0.1273, 0.1818, 0.1636, 0.1091, 0.0545, 0.1455, 0.2000, 0.1455, 0.1818, 0.0545, 0.0727, 0.1091, 0.0545, 0.1273, 0.2182, 0.0727, 0.2182, 0.0909, 0.1818, 0.2000, 0.1636, 0.1273, 0.1455, 0.1091, 0.1273, 0.1818, 0.2545, 0.1091, 0.1091, 0.1273, 0.1636, 0.0727, 0.2000, 0.1818, 0.2000, 0.1636, 0.1273, 0.1636, 0.1455, 0.1273, 0.2545, 0.1818, 0.2000, 0.1636, 0.1818, 0.1273, 0.2364, 0.2000, 0.1091, 0.1636, 0.1636, 0.1273, 0.1818, 0.1636, 0.1636, 0.2182, 0.1455


== Runtime ==
Total runtime: 3487.05 seconds (~58.12 minutes)
=== End of Summary ===
