=== Simulation Summary ===

Date: 2025-04-21:16-00-04
Random Seed: 1
n_iter: 350
n_batch: 55

== Neuron Counts ==
n_in (input neurons): 30
n_ad (adaptive neurons): 60
n_reg (regular neurons): 60
n_rec (recurrent neurons): 120
n_out (output neurons): 2

== Simulation Parameters ==
add_noise: False
Number of samples used for training: 45
Samples used: dict_keys([0, 1])Number of cues: 3
== Final Metrics ==
Final Training Loss: 0.5939
Final Accuracy: 0.7455

Mean recall error: 0.3683
Standard Devation recall error: 0.1312
Recall Error Per Iteration:
0.4727, 0.4545, 0.4364, 0.4545, 0.4364, 0.5818, 0.4727, 0.5818, 0.5818, 0.4364, 0.5455, 0.5455, 0.5818, 0.4545, 0.5091, 0.5455, 0.5455, 0.5818, 0.3636, 0.5818, 0.4364, 0.4909, 0.4545, 0.4909, 0.5818, 0.4727, 0.4909, 0.5455, 0.5636, 0.4000, 0.5818, 0.6182, 0.4909, 0.6182, 0.4909, 0.4545, 0.5818, 0.4909, 0.4182, 0.5091, 0.5273, 0.5636, 0.4182, 0.4364, 0.3455, 0.5091, 0.4182, 0.4182, 0.5636, 0.5273, 0.4909, 0.4182, 0.4727, 0.4182, 0.5273, 0.5455, 0.5636, 0.3818, 0.5455, 0.4182, 0.5091, 0.4909, 0.4909, 0.6182, 0.5273, 0.5455, 0.5273, 0.4909, 0.6182, 0.5818, 0.5636, 0.5091, 0.3636, 0.4909, 0.4727, 0.5455, 0.5091, 0.5455, 0.5455, 0.4909, 0.5091, 0.5455, 0.4727, 0.6909, 0.4000, 0.4727, 0.4000, 0.5455, 0.4182, 0.4000, 0.6182, 0.4909, 0.5455, 0.5455, 0.4909, 0.3636, 0.4000, 0.5273, 0.6727, 0.4364, 0.4364, 0.5455, 0.4727, 0.4909, 0.5091, 0.5273, 0.5273, 0.4000, 0.3636, 0.4727, 0.6182, 0.3818, 0.4545, 0.6364, 0.5273, 0.4182, 0.5273, 0.5091, 0.4727, 0.4909, 0.5636, 0.3273, 0.4909, 0.5273, 0.4909, 0.4364, 0.4364, 0.4727, 0.4182, 0.3273, 0.4727, 0.4545, 0.5091, 0.4909, 0.3273, 0.4909, 0.4909, 0.4545, 0.3818, 0.5636, 0.5455, 0.4545, 0.4545, 0.4545, 0.5273, 0.3455, 0.4727, 0.5455, 0.4545, 0.3636, 0.3818, 0.4727, 0.5636, 0.4182, 0.3636, 0.4000, 0.3273, 0.3818, 0.3818, 0.4545, 0.2364, 0.3455, 0.3636, 0.4000, 0.3455, 0.3455, 0.2909, 0.3455, 0.3636, 0.2545, 0.2909, 0.1455, 0.2727, 0.3455, 0.1455, 0.3091, 0.2000, 0.1273, 0.2727, 0.3455, 0.2909, 0.4364, 0.4182, 0.5091, 0.3091, 0.4545, 0.4909, 0.2909, 0.3273, 0.3091, 0.2364, 0.4182, 0.4000, 0.2909, 0.3091, 0.3455, 0.3091, 0.2727, 0.3091, 0.3273, 0.2364, 0.2545, 0.2545, 0.2545, 0.1818, 0.1636, 0.2364, 0.2182, 0.2182, 0.2182, 0.4000, 0.2727, 0.2364, 0.3636, 0.1818, 0.1818, 0.2909, 0.2000, 0.2000, 0.2545, 0.2909, 0.2727, 0.0909, 0.3455, 0.2182, 0.3091, 0.1636, 0.2000, 0.2364, 0.1818, 0.1273, 0.2364, 0.2727, 0.2364, 0.3273, 0.2545, 0.1636, 0.1636, 0.2364, 0.2364, 0.2000, 0.2545, 0.3273, 0.2545, 0.3091, 0.2909, 0.1818, 0.1818, 0.2909, 0.3091, 0.2182, 0.4364, 0.3455, 0.2364, 0.2727, 0.2727, 0.3273, 0.2364, 0.2000, 0.2182, 0.3091, 0.2000, 0.3091, 0.3091, 0.2909, 0.2909, 0.3091, 0.2727, 0.3273, 0.4364, 0.2000, 0.2909, 0.4182, 0.3636, 0.2727, 0.3818, 0.3091, 0.2364, 0.3273, 0.2182, 0.2545, 0.1455, 0.3636, 0.2364, 0.2909, 0.2545, 0.2727, 0.2727, 0.3455, 0.1455, 0.1818, 0.1818, 0.3091, 0.2545, 0.2727, 0.2364, 0.3091, 0.2364, 0.2364, 0.2364, 0.2545, 0.2364, 0.2545, 0.2909, 0.2182, 0.2000, 0.2727, 0.3818, 0.3636, 0.2000, 0.2182, 0.2909, 0.3455, 0.2545, 0.1273, 0.2000, 0.2182, 0.2182, 0.2000, 0.2727, 0.3818, 0.2545, 0.1818, 0.1818, 0.1818, 0.2182, 0.2727, 0.1818, 0.1818, 0.2909, 0.2000, 0.2909, 0.2545, 0.2909, 0.2182, 0.2545, 0.2545, 0.3091, 0.2727, 0.2000, 0.1818, 0.2364, 0.2182, 0.2727, 0.3091, 0.2364, 0.1818, 0.3091, 0.2364, 0.2545


== Runtime ==
Total runtime: 1581.77 seconds (~26.36 minutes)
=== End of Summary ===
